Node Number	X Location (m)	Y Location (m)	Z Location (m)	Maximum Combined Stress (Pa)
479	0.20829	-0.11238	3.0002e-002	1515.4
442	0.20807	-0.11247	2.0002e-002	242.42
480	0.21209	-0.12163	3.0002e-002	384.91
187	-2.0002e-002	2.0001e-002	2.0002e-002	1.8855e+006
188	-2.0002e-002	2.0001e-002	3.0002e-002	2.2373e+006
198	-2.3551e-003	-1.0001e-002	-4.0587e-002	-40094
199	6.4684e-003	-1.0001e-002	-3.5881e-002	2.8104e+005
182	-2.0002e-002	2.0001e-002	-2.9999e-002	3.3439e+005
183	-2.0002e-002	2.0001e-002	-1.9998e-002	6.446e+005
189	-2.0002e-002	3.0001e-002	3.e-002	8.2012e+005
210	-4.0002e-002	-3.6001e-002	-6.7998e-002	5.8613e+005
211	-4.0002e-002	-4.2001e-002	-7.5998e-002	6.2625e+005
196	-2.0002e-002	-1.0001e-002	-4.9999e-002	7.4221e+005
197	-1.1179e-002	-1.0001e-002	-4.5293e-002	3.7347e+005
221	-4.0002e-002	2.0001e-002	-4.9998e-002	2.9144e+006
177	-3.0002e-002	2.0001e-002	-4.9998e-002	7.6079e+005
223	-6.0002e-002	2.0001e-002	-4.9998e-002	2.5557e+005
222	-5.0002e-002	2.0001e-002	-4.9998e-002	2.4389e+006
186	-2.0002e-002	2.0001e-002	1.0002e-002	1.5752e+006
224	-7.0002e-002	2.0001e-002	-4.9998e-002	1.7801e+006
193	-8.0002e-002	-2.0001e-002	-4.9998e-002	2.5776e+006
226	-7.0002e-002	-2.0001e-002	-4.9998e-002	1.7804e+006
204	-2.0002e-002	1.0001e-002	-4.9999e-002	7.4214e+005
203	-1.1179e-002	1.0001e-002	-4.5293e-002	3.7328e+005
184	-2.0002e-002	2.0001e-002	-9.9985e-003	9.5482e+005
212	-4.0002e-002	-4.8001e-002	-8.3998e-002	8.4616e+005
227	9.9979e-003	-9.9994e-003	3.0002e-002	1.0884e+006
228	9.9978e-003	6.e-007	3.0002e-002	1.1101e+006
229	1.9998e-002	6.e-007	3.0002e-002	6.3604e+005
230	2.9998e-002	6.e-007	3.0002e-002	7.3567e+005
232	4.9998e-002	6.e-007	3.0002e-002	9.4879e+005
233	5.9998e-002	6.e-007	3.0002e-002	1.0623e+006
191	-3.0002e-002	4.0001e-002	3.0002e-002	6.7557e+005
190	-2.0002e-002	4.0001e-002	3.0002e-002	1.0783e+006
234	6.9998e-002	6.e-007	3.0002e-002	1.1804e+006
180	-2.0002e-002	2.0001e-002	-4.9999e-002	3.5608e+005
202	-2.3551e-003	1.0001e-002	-4.0587e-002	-40172
235	7.9998e-002	6.e-007	3.0002e-002	1.3031e+006
219	-1.0002e-002	-5.8001e-002	-9.3998e-002	-3.3243e-013
220	-2.15e-006	-5.8001e-002	-9.3998e-002	-3.3243e-013
208	-5.0002e-002	-3.0001e-002	-5.9998e-002	2.007e+006
209	-4.0002e-002	-3.0001e-002	-5.9998e-002	7.5611e+005
216	-4.0002e-002	-5.8001e-002	-9.3998e-002	-3.3243e-013
217	-3.0002e-002	-5.8001e-002	-9.3998e-002	-3.3243e-013
214	-5.0002e-002	-4.8001e-002	-9.3998e-002	1.1159e+006
213	-5.0002e-002	-4.8001e-002	-8.3998e-002	1.9186e+006
146	-5.0002e-002	4.0001e-002	3.0002e-002	6.8917e+005
192	-4.0002e-002	4.0001e-002	3.0002e-002	3.8472e+005
218	-2.0002e-002	-5.8001e-002	-9.3998e-002	-3.3243e-013
206	-5.0002e-002	-2.0001e-002	-4.9998e-002	2.4385e+006
207	-5.0002e-002	-3.0001e-002	-4.9998e-002	1.4379e+006
225	-1.0002e-002	3.0001e-002	3.e-002	1.6113e+006
195	-2.15e-006	-1.0001e-002	3.0002e-002	1.2747e+006
131	-9.0002e-002	2.0001e-002	-4.9998e-002	7.6902e+005
194	-8.0002e-002	2.0001e-002	-4.9998e-002	2.5773e+006
200	6.4686e-003	6.e-007	-3.5881e-002	2.4508e+005
201	6.4684e-003	1.0001e-002	-3.5881e-002	2.8114e+005
231	3.9998e-002	6.e-007	3.0002e-002	8.3992e+005
236	8.9998e-002	6.e-007	3.0002e-002	1.4305e+006
181	-2.0002e-002	2.0001e-002	-3.9998e-002	3.3891e+005
205	-4.0002e-002	-2.0001e-002	-4.9998e-002	2.9142e+006
179	-2.0002e-002	3.0001e-002	-4.9998e-002	7.5687e+005
237	9.9998e-002	6.e-007	3.0002e-002	9.1558e+005
238	9.9998e-002	1.0001e-002	3.0002e-002	4.729e+005
239	0.11	1.0001e-002	3.0002e-002	8.5782e+005
240	0.12	1.0001e-002	3.0002e-002	9.4051e+005
185	-2.0002e-002	2.0001e-002	1.5e-006	1.265e+006
215	-5.0002e-002	-5.8001e-002	-9.3998e-002	5.9049e+005
162	-2.15e-006	-2.0001e-002	3.0002e-002	1.1161e+006
173	-3.0002e-002	-2.0001e-002	-4.9998e-002	7.6069e+005
170	-2.0002e-002	-2.0001e-002	-4.9999e-002	3.5608e+005
127	-9.0002e-002	-2.0001e-002	-4.9998e-002	7.6914e+005
241	0.13	1.0001e-002	3.0002e-002	9.6334e+005
26	-1.0002e-002	-0.13	3.0002e-002	2.5214e+005
27	-2.15e-006	-0.13	3.0002e-002	2.6967e+005
28	-2.15e-006	-0.12	3.0002e-002	5.7612e+005
29	-2.15e-006	-0.11	3.0002e-002	3.7637e+005
31	-1.0002e-002	-0.1	3.0002e-002	4.1185e+005
32	-1.0002e-002	-9.0001e-002	3.0002e-002	4.9532e+005
18	-3.0002e-002	-0.17	3.0002e-002	88383
19	-2.0002e-002	-0.17	3.0002e-002	97712
30	-1.0002e-002	-0.11	3.0002e-002	3.6499e+005
10	-1.0002e-002	-0.19	3.0002e-002	40930
11	-1.0002e-002	-0.18	3.0002e-002	55923
16	-2.0002e-002	-0.18	3.0002e-002	4810.8
33	-2.15e-006	-9.0001e-002	3.0002e-002	5.1753e+005
34	-2.15e-006	-8.0001e-002	3.0002e-002	1.0821e+006
35	-2.15e-006	-7.0001e-002	3.0002e-002	6.5414e+005
3	-3.0002e-002	-0.22	3.0002e-002	8853.
4	-2.0002e-002	-0.22	3.0002e-002	20400
6	-1.0002e-002	-0.21	3.0002e-002	21012
15	-2.0002e-002	-0.21	3.0002e-002	12058
20	-2.0002e-002	-0.16	3.0002e-002	2.2144e+005
24	-2.0002e-002	-0.14	3.0002e-002	8212.3
25	-1.0002e-002	-0.14	3.0002e-002	1.911e+005
22	-3.0002e-002	-0.15	3.0002e-002	1.6331e+005
23	-3.0002e-002	-0.14	3.0002e-002	1.8887e+005
21	-2.0002e-002	-0.15	3.0002e-002	1.6648e+005
36	-1.0002e-002	-7.0001e-002	3.0002e-002	9.3065e+005
37	-2.0002e-002	-7.0001e-002	3.0002e-002	6.7223e+005
7	-2.15e-006	-0.21	3.0002e-002	15728
38	-2.0002e-002	-8.0001e-002	3.0002e-002	1.0996e+006
39	-2.0002e-002	-9.0001e-002	3.0002e-002	5.0822e+005
5	-1.0002e-002	-0.22	3.0002e-002	15268
9	-2.15e-006	-0.19	3.0002e-002	40819
1	-5.0002e-002	-0.22	3.0002e-002	384.91
2	-4.0002e-002	-0.22	3.0002e-002	1924.6
8	-2.15e-006	-0.2	3.0002e-002	38916
12	-2.15e-006	-0.18	3.0002e-002	1924.6
13	9.9979e-003	-0.18	3.0002e-002	384.91
17	-3.0002e-002	-0.18	3.0002e-002	54450
14	-2.15e-006	-0.22	3.0002e-002	1924.6
42	-2.0002e-002	-0.1	3.0002e-002	21781
53	-1.0002e-002	-0.15	3.0002e-002	1.6181e+005
64	-2.0002e-002	-6.0001e-002	3.0002e-002	20400
57	-1.0002e-002	-6.0001e-002	3.0002e-002	1.025e+006
43	-2.15e-006	-0.1	3.0002e-002	1924.6
68	-3.0002e-002	-0.11	3.0002e-002	3.6742e+005
41	-3.0002e-002	-0.1	3.0002e-002	4.0908e+005
51	-4.0002e-002	-0.14	3.0002e-002	1924.6
78	-1.0002e-002	-3.0001e-002	3.e-002	1.6113e+006
79	-2.15e-006	-3.0001e-002	3.e-002	1924.6
70	-2.0002e-002	-0.12	3.0002e-002	5.7091e+005
69	-2.0002e-002	-0.11	3.0002e-002	3.7544e+005
61	-5.0002e-002	-0.18	3.0002e-002	384.91
60	-4.0002e-002	-0.18	3.0002e-002	1924.6
75	-2.15e-006	-5.0001e-002	3.0002e-002	1.8637e+006
76	-2.15e-006	-4.0001e-002	3.0002e-002	2.045e+006
81	-2.0002e-002	-3.0001e-002	3.e-002	8.2006e+005
87	-5.0002e-002	-2.0001e-002	3.0002e-002	4.6117e+005
88	-5.0002e-002	-1.0001e-002	3.0002e-002	4.5428e+005
90	-5.0002e-002	9.9994e-003	3.0002e-002	4.5434e+005
91	-5.0002e-002	1.9999e-002	3.0002e-002	4.613e+005
74	9.9979e-003	-5.0001e-002	3.0002e-002	2.0427e+006
47	-1.0002e-002	-0.17	3.0002e-002	89703
86	-5.0002e-002	-3.0001e-002	3.0002e-002	4.8435e+005
59	-5.0002e-002	-0.1	3.0002e-002	384.91
58	-4.0002e-002	-0.1	3.0002e-002	1924.6
82	-2.0002e-002	-4.0001e-002	3.0002e-002	1.0782e+006
93	-5.8002e-002	3.0001e-002	2.4002e-002	3.6445e+005
92	-5.0002e-002	3.0001e-002	3.0002e-002	4.8447e+005
44	9.9979e-003	-0.1	3.0002e-002	384.91
56	-2.15e-006	-0.17	3.0002e-002	99875
54	-2.15e-006	-0.15	3.0002e-002	1.6582e+005
94	-6.6002e-002	3.0001e-002	1.8002e-002	3.3688e+005
63	-2.15e-006	-0.14	3.0002e-002	1924.6
77	-1.0002e-002	-4.0001e-002	3.e-002	1.8614e+006
52	-5.0002e-002	-0.14	3.0002e-002	384.91
89	-5.0002e-002	-6.e-007	3.0002e-002	4.52e+005
96	-8.2002e-002	3.0001e-002	6.0016e-003	3.9113e+005
95	-7.4002e-002	3.0001e-002	1.2002e-002	3.1261e+005
50	-3.0002e-002	-0.13	3.0002e-002	2.501e+005
62	-2.0002e-002	-0.13	3.0002e-002	2.6427e+005
55	-2.15e-006	-0.16	3.0002e-002	2.2351e+005
72	-2.15e-006	-6.0001e-002	3.0002e-002	5.7467e+005
73	9.9979e-003	-6.0001e-002	3.0002e-002	1.8657e+006
65	-3.0002e-002	-6.0001e-002	3.0002e-002	8853.
80	9.9979e-003	-3.0001e-002	3.e-002	384.91
66	-4.0002e-002	-6.0001e-002	3.0002e-002	1924.6
83	-3.0002e-002	-4.0001e-002	3.0002e-002	6.7556e+005
85	-5.0002e-002	-4.0001e-002	3.0002e-002	6.8913e+005
84	-4.0002e-002	-4.0001e-002	3.0002e-002	3.8479e+005
67	-5.0002e-002	-6.0001e-002	3.0002e-002	384.91
45	9.9979e-003	-0.22	3.0002e-002	384.91
40	-3.0002e-002	-9.0001e-002	3.0002e-002	5.0818e+005
71	9.9979e-003	-0.14	3.0002e-002	384.91
48	-3.0002e-002	-0.19	3.0002e-002	43293
49	-2.0002e-002	-0.19	3.0002e-002	38160
46	-2.0002e-002	-0.2	3.0002e-002	36526
97	-9.0002e-002	3.0001e-002	1.55e-006	4.1275e+005
98	-9.0002e-002	2.0001e-002	1.5e-006	4.405e+005
99	-0.1	2.0001e-002	1.5e-006	4.1367e+005
109	-0.13	-9.9994e-003	1.55e-006	1.1428e+005
110	-0.13	6.e-007	1.55e-006	1.2649e+005
136	-0.14	2.0001e-002	-4.9998e-002	1924.6
135	-0.13	2.0001e-002	-4.9998e-002	8853.
141	-6.6002e-002	-3.0001e-002	1.8002e-002	3.3691e+005
140	-5.8002e-002	-3.0001e-002	2.4002e-002	3.6449e+005
148	-0.13	-2.0001e-002	1.5e-006	1.6008e+006
150	-0.13	-2.0001e-002	-9.9985e-003	1.0064e+006
128	-9.0002e-002	-9.9994e-003	-4.9998e-002	2.5305e+005
101	-9.e-002	1.0001e-002	1.55e-006	82986
100	-0.1	1.0001e-002	1.55e-006	75442
123	-0.114	-3.0001e-002	-3.1999e-002	7.4382e+005
124	-0.106	-3.0001e-002	-3.7999e-002	1.3226e+006
144	-9.0002e-002	-3.0001e-002	1.55e-006	4.1272e+005
143	-8.2002e-002	-3.0001e-002	6.0016e-003	3.9114e+005
105	-0.1	-2.0001e-002	1.5e-006	4.1374e+005
106	-0.11	-2.0001e-002	1.5e-006	9.3343e+005
120	-0.13	-2.0001e-002	-1.9998e-002	3.5776e+005
119	-0.13	-1.0001e-002	-1.9998e-002	2.5392e+005
151	-0.1	-2.0001e-002	-4.9998e-002	57352
108	-0.12	-1.0001e-002	1.55e-006	56789
153	-0.12	-2.0001e-002	-4.9998e-002	20400
152	-0.11	-2.0001e-002	-4.9998e-002	36567
154	-0.13	-2.0001e-002	-4.9998e-002	8853.
134	-0.12	2.0001e-002	-4.9998e-002	20400
133	-0.11	2.0001e-002	-4.9998e-002	36567
155	-0.14	-2.0001e-002	-4.9998e-002	1924.6
104	-0.1	-1.0001e-002	1.55e-006	75482
103	-9.e-002	-9.9994e-003	1.55e-006	83027
122	-0.122	-3.0001e-002	-2.5999e-002	1.6131e+005
121	-0.13	-3.0001e-002	-1.9999e-002	2.5919e+005
156	-0.15	-2.0001e-002	-4.9998e-002	384.91
157	-9.0002e-002	3.0001e-002	-4.9999e-002	1.3206e+006
158	-9.8002e-002	3.0001e-002	-4.3999e-002	1.8976e+006
132	-0.1	2.0001e-002	-4.9998e-002	57352
145	-9.0002e-002	-2.0001e-002	1.5e-006	4.4063e+005
112	-0.12	1.0001e-002	1.55e-006	56809
113	-0.12	2.0001e-002	1.5e-006	8.806e+005
130	-9.0002e-002	1.0001e-002	-4.9998e-002	2.5299e+005
129	-9.0002e-002	6.e-007	-4.9998e-002	2.5302e+005
147	-0.11	2.0001e-002	1.5e-006	9.3327e+005
107	-0.12	-2.0001e-002	1.5e-006	8.8075e+005
115	-0.13	2.0001e-002	-9.9985e-003	1.0062e+006
116	-0.13	2.0001e-002	-1.9998e-002	3.5762e+005
149	-0.13	3.0001e-002	-1.9999e-002	2.5912e+005
159	-0.106	3.0001e-002	-3.7999e-002	1.3226e+006
160	-0.114	3.0001e-002	-3.1999e-002	7.4385e+005
137	-0.15	2.0001e-002	-4.9998e-002	384.91
126	-9.0002e-002	-3.0001e-002	-4.9999e-002	1.3207e+006
142	-7.4002e-002	-3.0001e-002	1.2002e-002	3.1264e+005
118	-0.13	-6.e-007	-1.9998e-002	2.539e+005
117	-0.13	9.9994e-003	-1.9998e-002	2.5387e+005
102	-9.e-002	6.e-007	1.55e-006	83635
114	-0.13	2.0001e-002	1.5e-006	1.6004e+006
139	-2.0002e-002	-2.0001e-002	3.0002e-002	2.2376e+006
111	-0.13	1.0001e-002	1.55e-006	1.1425e+005
125	-9.8002e-002	-3.0001e-002	-4.3999e-002	1.8978e+006
138	-1.0002e-002	-2.0001e-002	3.e-002	1.0928e+006
172	-3.0002e-002	-3.0001e-002	-4.9998e-002	1.3311e+006
161	-0.122	3.0001e-002	-2.5999e-002	1.6146e+005
168	-2.0002e-002	-2.0001e-002	-2.9999e-002	3.3401e+005
167	-2.0002e-002	-2.0001e-002	-1.9998e-002	6.4433e+005
169	-2.0002e-002	-2.0001e-002	-3.9998e-002	3.3942e+005
176	-3.0002e-002	1.0001e-002	-4.9998e-002	3.4522e+005
175	-3.0002e-002	6.e-007	-4.9998e-002	3.4525e+005
178	-3.0002e-002	3.0001e-002	-4.9998e-002	1.331e+006
166	-2.0002e-002	-2.0001e-002	-9.9985e-003	9.5465e+005
171	-2.0002e-002	-3.0001e-002	-4.9998e-002	7.57e+005
163	-2.0002e-002	-2.0001e-002	2.0002e-002	1.8856e+006
164	-2.0002e-002	-2.0001e-002	1.0002e-002	1.5753e+006
165	-2.0002e-002	-2.0001e-002	1.5e-006	1.265e+006
174	-3.0002e-002	-9.9994e-003	-4.9998e-002	3.4527e+005
242	0.14	1.0001e-002	3.0002e-002	1.4525e+006
270	0.228	1.0001e-002	5.4002e-002	35977
269	0.222	1.0001e-002	4.6002e-002	47810
298	9.9979e-003	5.0001e-002	3.0002e-002	2.0427e+006
297	-2.15e-006	5.0001e-002	3.0002e-002	1.8637e+006
279	-7.0002e-002	-3.0001e-002	-4.9998e-002	1.4022e+006
271	0.234	1.0001e-002	6.2002e-002	21374
261	0.234	-1.0001e-002	6.2002e-002	31459
262	0.228	-1.0001e-002	5.4002e-002	36472
272	0.24	1.0001e-002	7.0002e-002	14034
273	0.24	2.0001e-002	7.0001e-002	24345
258	0.24	-2.0001e-002	8.0002e-002	23299
257	0.24	-1.0001e-002	8.0002e-002	11476
243	0.15	1.0001e-002	3.0002e-002	1.2625e+006
245	0.16	6.e-007	3.e-002	4.2868e+005
246	0.168	6.e-007	3.6e-002	4.0909e+005
249	0.192	6.e-007	5.4e-002	2.0031e+005
250	0.2	6.e-007	6.e-002	1.3811e+005
256	0.24	-1.0001e-002	9.0001e-002	27599
255	0.24	6.e-007	9.e-002	85700
274	0.24	2.0001e-002	8.0002e-002	24182
259	0.24	-2.0001e-002	7.0001e-002	24797
277	1.5292e-002	6.e-007	-3.1175e-002	-2.6488e+005
282	-8.0002e-002	-3.6001e-002	-6.7998e-002	8.7159e+005
283	-8.0002e-002	-4.2001e-002	-7.5998e-002	8.3024e+005
248	0.184	6.e-007	4.8e-002	2.6621e+005
247	0.176	6.e-007	4.2e-002	3.358e+005
268	0.216	1.0001e-002	3.8002e-002	56871
267	0.21	1.0001e-002	3.0002e-002	46656
244	0.16	1.0001e-002	3.0002e-002	7.7961e+005
284	-8.0002e-002	-4.8001e-002	-8.3998e-002	7.0456e+005
285	-7.0002e-002	-4.8001e-002	-8.3998e-002	1.8905e+006
263	0.222	-1.0001e-002	4.6002e-002	38714
275	0.24	1.0001e-002	8.0002e-002	23813
253	0.224	6.e-007	7.8e-002	50405
254	0.232	6.e-007	8.4e-002	98752
287	-7.0002e-002	-5.8001e-002	-9.3998e-002	4.6646e+005
286	-7.0002e-002	-4.8001e-002	-9.3998e-002	1.4278e+006
252	0.216	6.e-007	7.2e-002	24784
265	0.21	-1.0001e-002	3.0002e-002	27580
266	0.21	-6.e-007	3.0001e-002	73893
289	-9.0002e-002	-5.8001e-002	-9.3998e-002	-3.3243e-013
288	-8.0002e-002	-5.8001e-002	-9.3998e-002	-3.3243e-013
294	-2.15e-006	3.0001e-002	3.e-002	1924.6
281	-8.0002e-002	-3.0001e-002	-5.9998e-002	8.045e+005
264	0.216	-1.0001e-002	3.8002e-002	38185
295	-1.0002e-002	4.0001e-002	3.e-002	1.8614e+006
296	-2.15e-006	4.0001e-002	3.0002e-002	2.045e+006
291	-6.0002e-002	-5.8001e-002	-9.3998e-002	-3.3243e-013
300	-2.15e-006	6.0001e-002	3.0002e-002	5.7467e+005
299	9.9979e-003	6.0001e-002	3.0002e-002	1.8657e+006
301	-1.0002e-002	6.0001e-002	3.0002e-002	1.025e+006
302	-1.0002e-002	7.0001e-002	3.0002e-002	9.3065e+005
303	-2.0002e-002	7.0001e-002	3.0002e-002	6.7223e+005
278	-6.0002e-002	-2.0001e-002	-4.9998e-002	2.5526e+005
276	0.24	1.0001e-002	9.0001e-002	49184
260	0.24	-1.0001e-002	7.0002e-002	21763
280	-7.0002e-002	-3.0001e-002	-5.9998e-002	1.8196e+006
251	0.208	6.e-007	6.6e-002	79597
290	-0.1	-5.8001e-002	-9.3998e-002	-3.3243e-013
293	-7.0002e-002	3.0001e-002	-4.9998e-002	1.4023e+006
292	-5.0002e-002	3.0001e-002	-4.9998e-002	1.4379e+006
349	0.21	3.e-002	3.0001e-002	1.1278e+005
350	0.21	4.0001e-002	3.0001e-002	82756
358	-7.0002e-002	3.0001e-002	-5.9998e-002	1.8195e+006
322	6.8233e-002	6.e-007	-2.9397e-003	3.2673e+005
321	7.7057e-002	6.e-007	1.7662e-003	4.396e+005
311	9.9998e-002	-1.0001e-002	3.0002e-002	4.7495e+005
312	0.11	-1.0001e-002	3.0002e-002	8.5234e+005
313	0.12	-1.0001e-002	3.0002e-002	9.2703e+005
314	0.13	-1.0001e-002	3.0002e-002	9.4049e+005
327	2.4116e-002	6.e-007	-2.6469e-002	-1.7647e+005
319	9.4704e-002	6.e-007	1.1178e-002	6.7756e+005
318	0.10353	6.e-007	1.5884e-002	8.0266e+005
337	0.21	-4.0001e-002	3.0001e-002	82756
336	0.21	-3.e-002	3.0001e-002	1.1278e+005
304	-2.0002e-002	8.0001e-002	3.0002e-002	1.0996e+006
305	-2.0002e-002	9.0001e-002	3.0002e-002	5.0822e+005
315	0.13	6.e-007	3.0001e-002	7.4336e+005
326	3.2939e-002	6.e-007	-2.1763e-002	-83980
325	4.1763e-002	6.e-007	-1.7057e-002	12586
339	0.21	-6.e-002	3.0001e-002	36567
338	0.21	-5.0001e-002	3.0001e-002	57352
342	0.21	-9.e-002	3.0001e-002	1924.6
341	0.21	-8.0001e-002	3.0001e-002	8853.
345	0.2	-6.e-007	3.0001e-002	27280
347	0.2	1.9999e-002	3.0001e-002	93159
346	0.2	1.0001e-002	3.0002e-002	1.4642e+005
359	9.9979e-003	3.0001e-002	3.e-002	384.91
360	-1.0002e-002	2.0001e-002	3.e-002	1.0926e+006
361	-2.15e-006	2.0001e-002	3.0002e-002	1.1161e+006
309	-5.0002e-002	0.1	3.0002e-002	384.91
308	-4.0002e-002	0.1	3.0002e-002	1924.6
328	0.17	1.0001e-002	3.0002e-002	5.5366e+005
362	-2.15e-006	1.0001e-002	3.0002e-002	1.2743e+006
363	9.9979e-003	1.0001e-002	3.0002e-002	1.0879e+006
316	0.12117	6.e-007	2.5296e-002	1.0651e+006
306	-3.0002e-002	9.0001e-002	3.0002e-002	5.0818e+005
307	-3.0002e-002	0.1	3.0002e-002	4.0908e+005
348	0.21	2.0001e-002	3.0001e-002	73895
329	0.16	-1.0001e-002	3.0002e-002	6.1135e+005
330	0.17	-1.0001e-002	3.0002e-002	2.9454e+005
335	0.21	-2.0001e-002	3.0001e-002	73904
324	5.0586e-002	6.e-007	-1.2351e-002	1.1323e+005
354	0.21	8.0001e-002	3.0001e-002	8853.
355	0.21	9.e-002	3.0001e-002	1924.6
331	0.18	-1.0001e-002	3.0002e-002	1.4049e+005
332	0.19	-1.0001e-002	3.0002e-002	87375
356	0.21	0.1	3.0001e-002	384.91
357	-5.0002e-002	3.0001e-002	-5.9998e-002	2.0072e+006
351	0.21	5.0001e-002	3.0001e-002	57352
340	0.21	-7.0001e-002	3.0001e-002	20400
320	8.588e-002	6.e-007	6.4721e-003	5.5655e+005
310	-2.2e-006	6.e-007	3.0002e-002	384.91
317	0.11235	6.e-007	2.059e-002	9.3183e+005
323	5.941e-002	6.e-007	-7.6456e-003	2.1794e+005
352	0.21	6.e-002	3.0001e-002	36567
353	0.21	7.0001e-002	3.0001e-002	20400
334	0.2	-2.0001e-002	3.0001e-002	93148
333	0.2	-1.0001e-002	3.0002e-002	1.1509e+005
344	0.24	-6.e-007	7.0001e-002	7659.3
343	0.21	-0.1	3.0001e-002	384.91
374	-2.15e-006	0.12	3.0002e-002	5.7612e+005
375	-2.15e-006	0.13	3.0002e-002	2.6967e+005
382	-1.0002e-002	0.17	3.0002e-002	89703
383	-1.0002e-002	0.18	3.0002e-002	55923
405	-4.0002e-002	3.0001e-002	-5.9999e-002	7.5615e+005
369	-3.0002e-002	0.11	3.0002e-002	3.6742e+005
408	-2.0002e-002	0.11	3.0002e-002	3.7544e+005
400	0.20846	0.11231	3.0002e-002	1589.9
401	0.21231	0.12154	3.0002e-002	384.91
409	-1.0002e-002	9.0001e-002	3.0002e-002	4.9532e+005
410	-2.15e-006	9.0001e-002	3.0002e-002	5.1753e+005
376	-1.0002e-002	0.13	3.0002e-002	2.5214e+005
371	-1.0002e-002	0.1	3.0002e-002	4.1185e+005
372	-1.0002e-002	0.11	3.0002e-002	3.6499e+005
378	-1.0002e-002	0.15	3.0002e-002	1.6181e+005
379	-2.15e-006	0.15	3.0002e-002	1.6582e+005
381	-2.15e-006	0.17	3.0002e-002	99875
392	0.18154	4.7693e-002	2.0002e-002	1.7975e+005
393	0.18538	5.6924e-002	2.0002e-002	1.4049e+005
366	-4.0002e-002	6.0001e-002	3.0002e-002	1924.6
365	-3.0002e-002	6.0001e-002	3.0002e-002	8853.
373	-2.15e-006	0.11	3.0002e-002	3.7637e+005
406	-8.0002e-002	3.0001e-002	-5.9999e-002	8.0453e+005
367	-5.0002e-002	6.0001e-002	3.0002e-002	384.91
380	-2.15e-006	0.16	3.0002e-002	2.2351e+005
386	0.14	-1.0001e-002	3.0002e-002	1.3481e+006
377	-1.0002e-002	0.14	3.0002e-002	1.911e+005
396	0.19692	8.4616e-002	2.0002e-002	50423
397	0.20077	9.3847e-002	2.0002e-002	29638
402	0.15	-1.0001e-002	3.0002e-002	1.09e+006
407	-2.15e-006	8.0001e-002	3.0002e-002	1.0821e+006
411	-2.0002e-002	0.14	3.0002e-002	8212.3
412	-3.0002e-002	0.14	3.0002e-002	1.8887e+005
414	-2.0002e-002	0.15	3.0002e-002	1.6648e+005
415	-2.0002e-002	0.16	3.0002e-002	2.2144e+005
413	-3.0002e-002	0.15	3.0002e-002	1.6331e+005
417	-3.0002e-002	0.17	3.0002e-002	88383
416	-2.0002e-002	0.17	3.0002e-002	97712
418	-3.0002e-002	0.18	3.0002e-002	54450
419	-2.0002e-002	0.18	3.0002e-002	4810.8
364	-2.0002e-002	6.0001e-002	3.0002e-002	20400
420	-1.0002e-002	0.19	3.0002e-002	40930
370	-2.0002e-002	0.1	3.0002e-002	21781
388	0.17	2.0001e-002	3.0002e-002	2.8613e+005
389	0.17	2.0001e-002	2.0002e-002	2.9827e+005
403	0.17	-2.0001e-002	3.0002e-002	2.9077e+005
421	0.17	-2.0001e-002	2.0002e-002	3.0268e+005
422	-4.0002e-002	3.6001e-002	-6.7999e-002	5.8619e+005
391	0.17769	3.8462e-002	2.0002e-002	2.2363e+005
399	0.20846	0.11231	2.0002e-002	1204.8
404	0.19	1.0001e-002	3.0002e-002	2.1e+005
390	0.17384	2.9232e-002	2.0002e-002	2.7213e+005
423	-8.0002e-002	3.6001e-002	-6.7999e-002	8.7155e+005
394	0.18923	6.6155e-002	2.0002e-002	1.0585e+005
395	0.19307	7.5385e-002	2.0002e-002	75827
387	0.18	1.0001e-002	3.0002e-002	3.9599e+005
368	-2.15e-006	7.0001e-002	3.0002e-002	6.5414e+005
384	-2.15e-006	0.18	3.0002e-002	1924.6
385	9.9979e-003	0.18	3.0002e-002	384.91
398	0.20461	0.10308	2.0002e-002	13472
433	0.17381	-2.9247e-002	2.0002e-002	2.7214e+005
475	-3.0002e-002	5.8001e-002	-9.3998e-002	-1.0656e-012
476	-2.0002e-002	5.8001e-002	-9.3998e-002	-1.0656e-012
455	-5.0002e-002	4.8001e-002	-8.3998e-002	1.9188e+006
451	-4.0002e-002	4.8001e-002	-8.3999e-002	8.4623e+005
443	-4.0002e-002	4.2001e-002	-7.5999e-002	6.2632e+005
425	-2.15e-006	0.1	3.0002e-002	1924.6
446	9.9979e-003	0.1	3.0002e-002	384.91
456	-5.0002e-002	4.8001e-002	-9.3998e-002	1.1159e+006
460	-8.0002e-002	5.8001e-002	-9.3998e-002	-1.0656e-012
459	-7.0002e-002	5.8001e-002	-9.3998e-002	4.6637e+005
453	-2.0002e-002	0.2	3.0002e-002	36526
465	-2.0002e-002	0.21	3.0002e-002	12058
467	-1.0002e-002	0.22	3.0002e-002	15268
468	-2.15e-006	0.22	3.0002e-002	1924.6
432	-2.15e-006	0.19	3.0002e-002	40819
450	-2.15e-006	0.2	3.0002e-002	38916
434	0.17761	-3.8494e-002	2.0002e-002	2.2364e+005
457	-5.0002e-002	5.8001e-002	-9.3998e-002	5.9068e+005
463	-7.0002e-002	4.8001e-002	-8.3998e-002	1.8905e+006
452	-8.0002e-002	4.8001e-002	-8.3999e-002	7.0449e+005
464	-7.0002e-002	4.8001e-002	-9.3998e-002	1.4279e+006
458	-6.0002e-002	5.8001e-002	-9.3998e-002	-1.0656e-012
469	9.9979e-003	0.22	3.0002e-002	384.91
426	-2.15e-006	0.14	3.0002e-002	1924.6
424	-2.0002e-002	0.12	3.0002e-002	5.7091e+005
470	-4.0002e-002	5.8001e-002	-9.3998e-002	-1.0656e-012
471	-2.0002e-002	0.22	3.0002e-002	20400
442	0.20807	-0.11247	2.0002e-002	1924.
441	0.20427	-0.10322	2.0002e-002	13473
431	-5.0002e-002	0.18	3.0002e-002	384.91
430	-4.0002e-002	0.18	3.0002e-002	1924.6
439	0.19665	-8.4728e-002	2.0002e-002	50426
438	0.19284	-7.5481e-002	2.0002e-002	75832
436	0.18523	-5.6988e-002	2.0002e-002	1.405e+005
435	0.18142	-4.7741e-002	2.0002e-002	1.7976e+005
440	0.20046	-9.3975e-002	2.0002e-002	29640
429	-3.0002e-002	0.19	3.0002e-002	43293
449	-2.0002e-002	0.19	3.0002e-002	38160
448	-3.0002e-002	0.13	3.0002e-002	2.501e+005
477	-1.0002e-002	5.8001e-002	-9.3998e-002	-1.0656e-012
454	-2.15e-006	0.21	3.0002e-002	15728
466	-1.0002e-002	0.21	3.0002e-002	21012
474	-5.0002e-002	0.22	3.0002e-002	384.91
473	-4.0002e-002	0.22	3.0002e-002	1924.6
428	-5.0002e-002	0.14	3.0002e-002	384.91
427	-4.0002e-002	0.14	3.0002e-002	1924.6
472	-3.0002e-002	0.22	3.0002e-002	8853.
461	-9.0002e-002	5.8001e-002	-9.3998e-002	-1.0656e-012
437	0.18904	-6.6235e-002	2.0002e-002	1.0586e+005
478	-2.15e-006	5.8001e-002	-9.3998e-002	-1.0656e-012
462	-0.1	5.8001e-002	-9.3998e-002	-1.0656e-012
444	-8.0002e-002	4.2001e-002	-7.5999e-002	8.3018e+005
447	9.9979e-003	0.14	3.0002e-002	384.91
445	-2.0002e-002	0.13	3.0002e-002	2.6427e+005
